p=43 q=47
[5, 773] [773, 11] [11, 527] [527, 13] [13, 1189] [1189, 17] [17, 341] [341, 19] [19, 1627] [1627, 29] [29, 533] [533, 31] [31, 187] [187, 37] [37, 1201] [1201, 41] [41, 377] [377, 53] [53, 401] [401, 59]
e=5 d=773 n=2021
ENCRYPTED
167 1023 1481 1886 844 198 1642 1886 1965 198 1642 1886 624 792 844 1886 198 1886 1151 101 1252 198 844 1252 101 699 1886 603 1481 366 1886 624 792 844 1886 1700 1023 366 1886 366 2007 1252 1886 1023 1700 522 1642 1886 1023 1700 1252 941 1886 816 1266 1023 2007 1700 1886 1103 1252 1700 1700 1023 1700
DECRYPTED
You may say I'm a dreamer, but I'm not the only one. -John Lennon

p=173 q=199
[5, 27245] [27245, 7] [7, 29191] [29191, 13] [13, 26197] [26197, 17] [17, 20033] [20033, 19] [19, 12547] [12547, 23] [23, 14807] [14807, 29] [29, 30533] [30533, 31] [31, 13183] [13183, 37] [37, 27613] [27613, 41] [41, 9137] [9137, 47]
e=5 d=27245 n=34427
ENCRYPTED
30841 27320 19475 22630 11081 11788 9399 19616 22630 20377 27320 3854 11788 33848 22630 14094 19475 22630 27320 7181 9916 19475 22630 20377 11081 22630 374 19475 7181 19922 22630 3854 10345 22630 374 19475 7181 19922 22630 3854 20377 10345 19475 9399 374 20758 22630 33928 8383 19922 7181 11788 26457 9399 3854 11788 22630 12600 20758 22630 23752 11081 11081 10345 19475 9916 19475 9399 20377
DECRYPTED
The only thing we have to fear is fear itself. -Franklin D. Roosevelt

p=2609 q=2777
[3, 4826539] [4826539, 5] [5, 4343885] [4343885, 7] [7, 3102775] [3102775, 11] [11, 5265315] [5265315, 13] [13, 1670725] [1670725, 17] [17, 6813937] [6813937, 19] [19, 6477723] [6477723, 23] [23, 5980711] [5980711, 29] [29, 2246837] [2246837, 31] [31, 1167711] [1167711, 37]
e=3 d=4826539 n=7245193
ENCRYPTED
705065 1367727 1601709 32864 1295125 1601709 1520971 1560992 32864 941288 1030397 32864 1560992 1124960 1030397 32864 970395 1124960 912769 1331096 1092823 1030397 32864 1771657 1367727 1601709 32864 1685255 1157721 1520971 1124960 32864 1560992 1367727 32864 1520971 1030397 1030397 32864 1157721 1331096 32864 1560992 1124960 1030397 32864 658599 1367727 1481640 1259808 1000096 97432 32864 91221 456629 912769 1124960 912769 1560992 1295125 912769 32864 358007 912769 1331096 1000096 1124960 1157721
DECRYPTED
You must be the change you wish to see in the World. -Mahatma Gandhi

p=4217 q=4363
[5, 7356077] [7356077, 7] [7, 7881511] [7881511, 11] [11, 5015507] [5015507, 13] [13, 8487781] [8487781, 19] [19, 12582763] [12582763, 23] [23, 5597015] [5597015, 29] [29, 5707301] [5707301, 37] [37, 11431741] [11431741, 41] [41, 11662073] [11662073, 43] [43, 11119651] [11119651, 47]
e=5 d=7356077 n=18398771
ENCRYPTED
1149889 15706182 15706182 9467443 3576591 15155757 1216244 4402356 10418961 10418961 4402356 9031454 3576591 15155757 1216244 4402356 3715268 10418961 3576591 15155757 16966188 4402356 7905311 4402356 9031454 15155757 11061606 4402356 10418961 15155757 12467418 10418961 15155757 9245557 4402356 3715268 10418961 3576591
DECRYPTED
Good. Better. Best. Never let it Rest.

p=39971 q=40163
[3, 1070183427] [1070183427, 11] [11, 437802311] [437802311, 13] [13, 1481792437] [1481792437, 17] [17, 1133135393] [1133135393, 19] [19, 1267322479] [1267322479, 23] [23, 907329427] [907329427, 29] [29, 1273149249] [1273149249, 31] [31, 1553492071] [1553492071, 37] [37, 216929073] [216929073, 41] [41, 195765261] [195765261, 47]
e=3 d=1070183427 n=1605355273
ENCRYPTED
705065 1367727 1601709 32864 1295125 912769 1771657 32864 1520971 912769 1771657 32864 389113 59415 1295125 32864 912769 32864 1000096 1481640 1030397 912769 1295125 1030397 1481640 85280 32864 941288 1601709 1560992 32864 389113 59415 1295125 32864 1331096 1367727 1560992 32864 1560992 1124960 1030397 32864 1367727 1331096 1259808 1771657 32864 1367727 1331096 1030397 97432 32864 91221 405320 1367727 1124960 1331096 32864 439072 1030397 1331096 1331096 1367727 1331096
DECRYPTED
You may say I'm a dreamer, but I'm not the only one. -John Lennon

p=54311 q=54503
[3, 1973335747] [1973335747, 11] [11, 1345456191] [1345456191, 13] [13, 1366155517] [1366155517, 19] [19, 2181055299] [2181055299, 23] [23, 900870667] [900870667, 29] [29, 2653796349] [2653796349, 31] [31, 381935951] [381935951, 37] [37, 2480003033] [2480003033, 41] [41, 288780841] [288780841, 43] [43, 137674587] [137674587, 47]
e=3 d=1973335747 n=2960112433
ENCRYPTED
592800 1124960 1030397 32864 1367727 1331096 1259808 1771657 32864 1560992 1124960 1157721 1331096 1092823 32864 1685255 1030397 32864 1124960 912769 1643128 1030397 32864 1560992 1367727 32864 1061304 1030397 912769 1481640 32864 1157721 1520971 32864 1061304 1030397 912769 1481640 32864 1157721 1560992 1520971 1030397 1259808 1061304 97432 32864 91221 343096 1481640 912769 1331096 1225139 1259808 1157721 1331096 32864 314528 97432 32864 551464 1367727 1367727 1520971 1030397 1643128 1030397 1259808 1560992
DECRYPTED
The only thing we have to fear is fear itself. -Franklin D. Roosevelt

p=54401 q=67943
[3, 2464029867] [2464029867, 11] [11, 1344016291] [1344016291, 13] [13, 568622277] [568622277, 19] [19, 3112458779] [3112458779, 29] [29, 1656847669] [1656847669, 31] [31, 1549954271] [1549954271, 37] [37, 2697113773] [2697113773, 41] [41, 3065012761] [3065012761, 43] [43, 2578635907] [2578635907, 47] [47, 2437816783] [2437816783, 53]
e=3 d=2464029867 n=3696167143
ENCRYPTED
705065 1367727 1601709 32864 1295125 1601709 1520971 1560992 32864 941288 1030397 32864 1560992 1124960 1030397 32864 970395 1124960 912769 1331096 1092823 1030397 32864 1771657 1367727 1601709 32864 1685255 1157721 1520971 1124960 32864 1560992 1367727 32864 1520971 1030397 1030397 32864 1157721 1331096 32864 1560992 1124960 1030397 32864 658599 1367727 1481640 1259808 1000096 97432 32864 91221 456629 912769 1124960 912769 1560992 1295125 912769 32864 358007 912769 1331096 1000096 1124960 1157721
DECRYPTED
You must be the change you wish to see in the World. -Mahatma Gandhi

p=93971 q=94063
[7, 1262715163] [1262715163, 11] [11, 3214184051] [3214184051, 13] [13, 2719694197] [2719694197, 17] [17, 1559824613] [1559824613, 19] [19, 930421699] [930421699, 23] [23, 5380264607] [5380264607, 29] [29, 7010246249] [7010246249, 31] [31, 855387691] [855387691, 37] [37, 7405653793] [7405653793, 41] [41, 3880539281] [3880539281, 43]
e=7 d=1262715163 n=8839194173
ENCRYPTED
8428548643 1022554543 1022554543 2196320947 2697142835 7842155945 1377896411 2949086480 6418153423 6418153423 2949086480 6970479516 2697142835 7842155945 1377896411 2949086480 4117798882 6418153423 2697142835 7842155945 2090033257 2949086480 510450354 2949086480 6970479516 7842155945 8130251924 2949086480 6418153423 7842155945 7749419907 6418153423 7842155945 2019489004 2949086480 4117798882 6418153423 2697142835
DECRYPTED
Good. Better. Best. Never let it Rest.

p=502237 q=502543
[5, 100957873565] [100957873565, 11] [11, 91779885059] [91779885059, 13] [13, 213564732541] [213564732541, 17] [17, 29693492225] [29693492225, 19] [19, 185975030251] [185975030251, 23] [23, 98763137183] [98763137183, 29] [29, 17406529925] [17406529925, 31] [31, 48850583983] [48850583983, 37] [37, 47750345605] [47750345605, 41] [41, 104651454305] [104651454305, 43]
e=5 d=100957873565 n=252395688691
ENCRYPTED
5584059545 16850581647 21924480453 33554528 15386239645 8587340353 25937424697 33554528 20113571971 8587340353 25937424697 33554528 2073071689 90224295 15386239645 33554528 8587340353 33554528 10000000096 19254145920 10510100597 8587340353 15386239645 10510100597 19254145920 164916320 33554528 9039208064 21924480453 21003416672 33554528 2073071689 90224295 15386239645 33554528 16105100096 16850581647 21003416672 33554528 21003416672 12166529120 10510100597 33554528 16850581647 16105100096 14693280864 25937424697 33554528 16850581647 16105100096 10510100597 205963072 33554528 184528221 2219006720 16850581647 12166529120 16105100096 33554528 2535525472 10510100597 16105100096 16105100096 16850581647 16105100096
DECRYPTED
You may say I'm a dreamer, but I'm not the only one. -John Lennon

p=54401 q=67943
[3, 2464029867] [2464029867, 11] [11, 1344016291] [1344016291, 13] [13, 568622277] [568622277, 19] [19, 3112458779] [3112458779, 29] [29, 1656847669] [1656847669, 31] [31, 1549954271] [1549954271, 37] [37, 2697113773] [2697113773, 41] [41, 3065012761] [3065012761, 43] [43, 2578635907] [2578635907, 47] [47, 2437816783] [2437816783, 53]
e=3 d=2464029867 n=3696167143
ENCRYPTED
946234891 321061812 1866738757 2129283258 2049287874 1950030859 1422000502 1850754057 2758845108 1850754057 2060557740 3416761419 3150325514 87434680 379032568 3460569928 240263115 1560992
DECRYPTED
The only thing we have to fear is fear itself. -Franklin D. Roosevelt

p=93971 q=94063
[7, 1262715163] [1262715163, 11] [11, 3214184051] [3214184051, 13] [13, 2719694197] [2719694197, 17] [17, 1559824613] [1559824613, 19] [19, 930421699] [930421699, 23] [23, 5380264607] [5380264607, 29] [29, 7010246249] [7010246249, 31] [31, 855387691] [855387691, 37] [37, 7405653793] [7405653793, 41] [41, 3880539281] [3880539281, 43]
e=7 d=1262715163 n=8839194173
ENCRYPTED
7047966889 4129608725 8501245190 2539440308 3964585634 3729759897 8645805550 2275982314 3600543040 8310140511 6208586773 6742028389 5147532492 6621223544 2041746774 1243329644 6553538332
DECRYPTED
You must be the change you wish to see in the World. -Mahatma Gandhi

p=502237 q=502543
[5, 100957873565] [100957873565, 11] [11, 91779885059] [91779885059, 13] [13, 213564732541] [213564732541, 17] [17, 29693492225] [29693492225, 19] [19, 185975030251] [185975030251, 23] [23, 98763137183] [98763137183, 29] [29, 17406529925] [17406529925, 31] [31, 48850583983] [48850583983, 37] [37, 47750345605] [47750345605, 41] [41, 104651454305] [104651454305, 43]
e=5 d=100957873565 n=252395688691
ENCRYPTED
55879968152 94697684922 41313448430 94697684922 76221892275 224289808564 127256547857 157139278422 120329771603 101234166797
DECRYPTED
Good. Better. Best. Never let it Rest.
